0.85
0.675
0.55
0.4625
0.425
0.8
0.25
0.3625
0.875
0.9625
0.9375
0.55
0.8375
1
0.6375
0.7125
0.6875
0.3125
0.5125
0.375
0.2875
0.725
0.6875
0.9625
0.4375
0.7375
0.8
0.425
0.875
0.55
0.775
0.2625
0.7875
0.7875
0.4375
0.8125
0.375
0.35
0.8625
0.475
0.7375
0.3875
0.9875
0.825
0.2875
0.6625
0.625
0.75
0.775
0.55
0.6875
0.6875
0.6875
0.3
0.7375
0.95
0.35
0.3375
1
0.5125
0.9125
0.75
0.7
0.5625
0.8
0.725
0.525
0.7875
0.3375
0.5125
0.8625
0.7375
0.925
0.5875
0.3625
0.5375
0.4625
0.675
0.725
0.8375
0.5875
0.525
0.4
0.3625
0.875
0.5375
0.5625
0.5
0.9
0.85
0.3875
0.7
0.275
0.7
0.5125
0.975
0.6625
0.7
0.5
0.875
0.9875
0.25
0.3375
0.575
0.6875
0.9125
0.8125
0.8625
0.4625
0.375
0.725
0.3625
0.7125
0.7375
0.575
0.7125
0.6125
0.5625
0.9875
0.6375
0.4625
0.35
0.9375
0.6
0.4625
0.4625
0.825
0.725
0.7875
0.4
0.6
0.8125
0.2875
0.9625
0.825
0.6
0.35
0.9375
0.3875
0.725
0.6625
0.6125
0.775
0.3
0.825
0.825
0.4125
0.7
0.525
0.5
0.7375
0.5625
0.525
0.275
0.25
0.5625
0.2875
0.4875
0.7625
0.7125
0.875
0.4
0.55
0.7625
0.65
0.8125
0.5
0.725
0.625
0.6625
0.6375
0.525
1
0.9
1
0.85
0.5875
0.85
0.725
0.6625
0.825
0.4875
0.525
0.775
0.85
0.6625
0.5625
0.6625
0.625
0.9375
0.65
0.65
0.4625
0.8375
0.95
0.375
0.8625
0.6625
0.9625
0.975
